Statsmodels_OLS 20170804-154312

Input file name min:

Features used:
	1 - Seconds_left_Day
	2 - Seconds_left_Month
	3 - Seconds_left_Qtr

 + olsregr.summary():
                            OLS Regression Results                            
==============================================================================
Dep. Variable:              TimeTaken   R-squared:                       0.372
Model:                            OLS   Adj. R-squared:                  0.372
Method:                 Least Squares   F-statistic:                     3852.
Date:                Fri, 04 Aug 2017   Prob (F-statistic):               0.00
Time:                        15:43:12   Log-Likelihood:            -2.8083e+05
No. Observations:               19489   AIC:                         5.617e+05
Df Residuals:                   19486   BIC:                         5.617e+05
Df Model:                           3                                         
Covariance Type:            nonrobust                                         
======================================================================================
                         coef    std err          t      P>|t|      [0.025      0.975]
--------------------------------------------------------------------------------------
Seconds_left_Day       1.4044      0.040     35.039      0.000       1.326       1.483
Seconds_left_Month     0.1545      0.004     39.038      0.000       0.147       0.162
Seconds_left_Qtr       0.0156      0.001     11.558      0.000       0.013       0.018
==============================================================================
Omnibus:                     5564.716   Durbin-Watson:                   1.960
Prob(Omnibus):                  0.000   Jarque-Bera (JB):            14871.522
Skew:                           1.541   Prob(JB):                         0.00
Kurtosis:                       5.969   Cond. No.                         51.5
==============================================================================

Warnings:
[1] Standard Errors assume that the covariance matrix of the errors is correctly specified.


train R2: -0.0677446951387
test R2: -0.074656103067
train RMSE: 438279.792078
test RMSE: 435213.030677
y_train Predicted values: 10212    423441.048534
20233    171995.576185
7601     170281.292012
24292    495202.525184
11571    314745.100014
15173     94692.370990
22171    156293.311270
9374     507654.923196
8396     147977.252104
5808     386944.331968
8188     120229.659561
8900     407185.128183
11097    388259.622727
17145    673381.990059
24457    459740.734992
13461    153085.792106
23095     63589.298044
19006    205842.956841
21612    145682.531314
21333     99805.164636
10788    461555.409660
8744     431763.843253
17133    679767.953055
891      338748.824748
2197     171122.844435
21936     56230.241476
24091    503823.605153
10309    500558.621759
4255     373730.582136
25737    254081.028098
             ...      
17914    327110.988953
12198    347498.464099
14629     94821.963062
21580    155623.598955
22267    126334.705778
3824      96953.435577
5682     365491.384409
3503      90520.726425
2558     365431.940501
16630    434031.559453
18815    553781.898731
9161     500483.797711
7644     272045.281590
14192     80850.780564
13686    171559.883159
7962     207844.568034
8060     170996.176036
7916     136679.984475
1182     218488.814396
8222     202864.100225
23706    331431.449535
9449     590605.828003
8471     127522.017578
23217     46295.556047
22521     73255.324500
17048    346957.773957
23924    290184.048511
23605    346509.942534
1318     216782.224812
25299    672588.212316
Length: 19489, dtype: float64

y_test Predicted values: 8594     101705.800081
13584    229565.713701
2085     128871.432584
60       432582.841745
9022     377316.266254
19131    176402.344895
18287    278910.336188
17980    290738.080393
8153     135336.492633
6759     321887.371698
16631    432324.857311
4275     368874.983054
11705    383409.459402
10904    364341.088864
2754      82853.077956
18289    278844.209352
20103    223173.023710
13700    167511.976142
19582    261336.567478
18426    345099.662581
21807     80679.851770
14130    123929.265158
19667    226133.474132
6849     242114.791056
4787     475545.594662
14713     61117.744659
24974    412584.653974
243      446951.483600
13       464584.481497
711      312849.634710
             ...      
13760    135986.794422
17925    326500.102947
17181    661447.670655
9142     525692.292168
5850     360375.514032
11711    380841.533947
18119    249271.831032
25611    289966.344929
12730    234734.515471
7029     236199.100856
25866    585588.651013
1557     183477.429024
17947    307146.982350
10480    389708.002762
3141      66797.939608
19561    268350.735413
13607    214351.818133
22555     69536.477213
25213    393891.827141
2266     139411.877796
11934    265724.159596
23492    368975.747756
12991    234600.200054
3121      72314.807048
18       450159.384613
18275    282711.054795
16883    430383.075051
19759    185189.941662
4183      38533.539158
1391     179324.521256
Length: 6497, dtype: float64