Statsmodels_OLS 20170804-154605

Input file name min:

Features used:
	1 - Seconds_left_Day
	2 - Seconds_left_Month
	3 - Seconds_left_Qtr
	4 - Seconds_left_Year

 + olsregr.summary():
                            OLS Regression Results                            
==============================================================================
Dep. Variable:              TimeTaken   R-squared:                       0.372
Model:                            OLS   Adj. R-squared:                  0.372
Method:                 Least Squares   F-statistic:                     2890.
Date:                Fri, 04 Aug 2017   Prob (F-statistic):               0.00
Time:                        15:46:08   Log-Likelihood:            -2.8083e+05
No. Observations:               19489   AIC:                         5.617e+05
Df Residuals:                   19485   BIC:                         5.617e+05
Df Model:                           4                                         
Covariance Type:            nonrobust                                         
======================================================================================
                         coef    std err          t      P>|t|      [0.025      0.975]
--------------------------------------------------------------------------------------
Seconds_left_Day       1.4077      0.040     35.043      0.000       1.329       1.486
Seconds_left_Month     0.1549      0.004     39.009      0.000       0.147       0.163
Seconds_left_Qtr       0.0166      0.002     10.517      0.000       0.013       0.020
Seconds_left_Year     -0.0006      0.000     -1.228      0.220      -0.002       0.000
==============================================================================
Omnibus:                     5568.206   Durbin-Watson:                   1.960
Prob(Omnibus):                  0.000   Jarque-Bera (JB):            14887.362
Skew:                           1.542   Prob(JB):                         0.00
Kurtosis:                       5.970   Cond. No.                         131.
==============================================================================

Warnings:
[1] Standard Errors assume that the covariance matrix of the errors is correctly specified.


train R2: -0.0676621264887
test R2: -0.0743880424974
train RMSE: 438262.845672
test RMSE: 435158.747857
y_train Predicted values: 10212    426185.115294
20233    172706.444641
7601     172804.344894
24292    484936.085084
11571    316963.442231
15173     95863.519589
22171    156775.404843
9374     510800.359523
8396     150344.175598
5808     390426.918604
8188     122553.643503
8900     410132.175156
11097    390791.209808
17145    675710.837580
24457    449351.077631
13461    154609.186614
23095     63797.703257
19006    206732.798405
21612    146174.232366
21333    100206.268883
10788    464309.667216
8744     434775.499636
17133    682113.587185
891      335343.205326
2197     167036.592672
21936     56486.801687
24091    493639.826658
10309    503475.405618
4255     369888.171824
25737    242730.761349
             ...      
17914    328469.603556
12198    349712.904803
14629     96023.452117
21580    156141.431825
22267    126738.047967
3824      92484.717915
5682     368947.578057
3503      86065.099073
2558     361766.464456
16630    435851.232107
18815    555586.358082
9161     503640.383294
7644     274805.838947
14192     82056.793673
13686    173101.840214
7962     210398.862941
8060     173453.608561
7916     139077.210747
1182     214737.070901
8222     205375.303309
23706    332242.674915
9449     593939.315353
8471     129835.170945
23217     46458.501663
22521     73519.138340
17048    348518.558279
23924    290886.847952
23605    347360.804345
1318     212935.995846
25299    662428.063609
Length: 19489, dtype: float64

y_test Predicted values: 8594     103939.841122
13584    231260.149130
2085     124704.115467
60       429813.878711
9022     380184.797749
19131    177214.796711
18287    280112.247223
17980    292001.082504
8153     137700.187503
6759     324958.946432
16631    434140.043603
4275     365019.808958
11705    385778.297982
10904    366839.801737
2754      78444.794416
18289    280045.946561
20103    224018.420953
13700    169043.292572
19582    262312.284009
18426    346445.563925
21807     81000.682018
14130    125248.517527
19667    227016.653233
6849     244976.669741
4787     479501.083478
14713     62230.636338
24974    401891.039877
243      444040.292222
13       461959.639920
711      309405.934581
             ...      
13760    137435.241451
17925    327857.111730
17181    663745.146749
9142     528915.142646
5850     363788.259928
11711    383203.622290
18119    250425.831923
25611    278740.408754
12730    236532.537395
7029     239015.429324
25866    574989.810277
1557     179513.652831
17947    308453.118103
10480    392333.396565
3141      62317.452554
19561    269344.889899
13607    216006.261202
22555     69790.515418
25213    383089.076108
2266     135242.268263
11934    267783.641977
23492    369885.664829
12991    236367.869106
3121      67848.822035
18       447496.624169
18275    283922.956677
16883    432163.157230
19759    185965.493595
4183      33900.004752
1391     175379.828227
Length: 6497, dtype: float64