RandomForestRegressor 20170704-180516

RandomForestRegressor Number predictions within 1 hour: 126 / 5012
RandomForestRegressor % predictions within 1 hour: 2.51%

RandomForestRegressor Train RMSE: 176086.48644737244
RandomForestRegressor Test RMSE: 341770.9616103326

RandomForestRegressor Train R^2 scoree: 0.858962723585
RandomForestRegressor Test R^2 score: 0.435868793761
[  1.89877315e-01   2.12297417e-02   2.08582293e-03   4.07790653e-04
   1.64641323e-03   3.57269514e-03   2.38723596e-05   3.17728469e-03
   7.83077931e-03   1.66571832e-03   1.64979253e-03   2.67065200e-03
   2.57885931e-05   2.02426002e-03   4.23255868e-01   1.57302241e-02
   3.10530750e-03   3.85508745e-03   1.50104652e-02   1.81854535e-02
   6.68990926e-03   3.39643832e-02   1.94810003e-03   1.65639337e-03
   1.50648908e-03   4.42252987e-03   1.39900770e-03   6.56012395e-03
   2.92868756e-03   1.08454694e-02   1.25017370e-04   7.90939550e-03
   1.29668569e-04   5.61101903e-04   1.30350366e-06   8.07530459e-03
   9.14448026e-04   1.90578958e-03   3.34756903e-03   1.66811130e-03
   1.59188273e-03   2.76186673e-03   1.84854434e-03   0.00000000e+00
   1.28585567e-03   1.01725528e-03   3.91875529e-03   5.37669871e-03
   1.91309942e-04   2.98544401e-03   2.42782892e-02   1.18328089e-05
   1.41432270e-02   8.99963430e-02   1.04059138e-03   1.63797181e-02
   3.19240409e-03   5.95846408e-03   6.09651946e-04   4.15253252e-04
   3.78293458e-03   5.15936622e-03   3.03479893e-05   2.25265437e-04
   7.69792729e-09   0.00000000e+00   0.00000000e+00   2.01269243e-04
   1.12327956e-06   0.00000000e+00   7.16377461e-06]