Statsmodels_OLS 20170804-153910

Input file name min:

Features used:
	1 - Concurrent_open_cases

 + olsregr.summary():
                            OLS Regression Results                            
==============================================================================
Dep. Variable:              TimeTaken   R-squared:                       0.058
Model:                            OLS   Adj. R-squared:                  0.058
Method:                 Least Squares   F-statistic:                     1210.
Date:                Fri, 04 Aug 2017   Prob (F-statistic):          2.96e-257
Time:                        15:39:11   Log-Likelihood:            -2.8478e+05
No. Observations:               19489   AIC:                         5.696e+05
Df Residuals:                   19488   BIC:                         5.696e+05
Df Model:                           1                                         
Covariance Type:            nonrobust                                         
=========================================================================================
                            coef    std err          t      P>|t|      [0.025      0.975]
-----------------------------------------------------------------------------------------
Concurrent_open_cases   242.8944      6.983     34.784      0.000     229.207     256.581
==============================================================================
Omnibus:                     5730.922   Durbin-Watson:                   1.591
Prob(Omnibus):                  0.000   Jarque-Bera (JB):            14345.661
Skew:                           1.631   Prob(JB):                         0.00
Kurtosis:                       5.650   Cond. No.                         1.00
==============================================================================

Warnings:
[1] Standard Errors assume that the covariance matrix of the errors is correctly specified.


train R2: -0.601572123384
test R2: -0.588892972974
train RMSE: 536773.400188
test RMSE: 529193.446795
y_train Predicted values: 10212     23560.755884
20233    181685.004133
7601     198687.611471
24292    136992.436271
11571    103715.904766
15173    103473.010375
22171    193586.829270
9374     186785.786334
8396     100315.383298
5808     182899.476085
8188     125333.505525
8900     105173.271109
11097    118532.462589
17145    204517.076844
24457    126790.871868
13461     61209.386419
23095    241437.024208
19006    192372.357317
21612    158610.037030
21333    205488.654407
10788     45178.356643
8744      83798.564740
17133    114403.257950
891       50764.927625
2197      68253.323745
21936     77969.099367
24091     50522.033235
10309    100801.172079
4255     207674.703922
25737     62666.752762
             ...      
17914     50036.244454
12198     34733.897849
14629     69467.795698
21580     37162.841754
22267    228320.727119
3824     171240.545339
5682      93514.340362
3503     123390.350400
2558     183142.370476
16630    109302.475748
18815      6315.254154
9161      84284.353521
7644      33276.531506
14192    162010.558498
13686     78697.782539
7962      59023.336904
8060     178770.271446
7916      26718.382961
1182     187028.680725
8222     145250.845550
23706    138692.697005
9449     102015.644032
8471     178284.482665
23217    204759.971235
22521    198687.611471
17048     84041.459131
23924    306046.932095
23605    311390.608687
1318     141850.324082
25299      5100.782202
Length: 19489, dtype: float64

y_test Predicted values: 8594     210589.436608
13584     45907.039814
2085     135049.281147
60         1214.471953
9022     151566.099704
19131     38377.313707
18287    215204.430029
17980    230506.776633
8153      17002.607339
6759      85013.036693
16631     10201.564403
4275     133591.914803
11705     55622.815436
10904    144279.267988
2754     166625.551918
18289    134806.386756
20103    153266.360438
13700    133106.126022
19582     59994.914466
18426     51736.505187
21807    229049.410290
14130    157152.670687
19667    228806.515900
6849     162739.241670
4787     163710.819232
14713     48578.878110
24974     25503.911008
243       11658.930746
13            0.000000
711        7043.937326
             ...      
13760     68739.112526
17925    202331.027329
17181    216661.796372
9142     190429.202192
5850      84041.459131
11711     84284.353521
18119    239008.080303
25611     67767.534964
12730     86956.191817
7029     155695.304344
25866     39834.680050
1557      75540.155462
17947    238036.502741
10480    139907.168958
3141      69710.690088
19561    109545.370139
13607     43963.884690
22555    264511.991311
25213     67767.534964
2266      26961.277351
11934     27204.171742
23492    112945.891606
12991     73839.894728
3121      31576.270772
18         4614.993420
18275    134563.492366
16883    109302.475748
19759    211561.014170
4183      88170.663770
1391      42020.729565
Length: 6497, dtype: float64