RandomForestRegressor 20170704-221303

RandomForestRegressor Number predictions within 1 hour: 112 / 5012
RandomForestRegressor % predictions within 1 hour: 2.23%

RandomForestRegressor Train RMSE: 176033.57471653412
RandomForestRegressor Test RMSE: 341842.37736714096

RandomForestRegressor Train R^2 scoree: 0.859047470636
RandomForestRegressor Test R^2 score: 0.435633009737
[  1.89951936e-01   2.11398180e-02   2.11484849e-03   4.09698947e-04
   1.64940250e-03   3.62292042e-03   2.56254352e-05   3.15259497e-03
   7.82425195e-03   1.68143962e-03   1.66533252e-03   2.66529400e-03
   2.57241255e-05   2.03030866e-03   4.23183029e-01   1.56375632e-02
   3.15837359e-03   3.78566490e-03   1.49971546e-02   1.82033360e-02
   6.68413331e-03   3.38938086e-02   1.91114319e-03   1.62958996e-03
   1.52657334e-03   4.43584082e-03   1.42740513e-03   6.58688071e-03
   2.94360748e-03   1.07520424e-02   1.20256911e-04   7.86507789e-03
   1.26341192e-04   5.66419955e-04   1.30328333e-06   8.06415400e-03
   9.35206226e-04   1.90981773e-03   3.12532398e-03   1.66307322e-03
   1.58180088e-03   2.76226232e-03   1.80768235e-03   0.00000000e+00
   1.29835744e-03   1.02918103e-03   3.94303470e-03   5.35781413e-03
   1.91195820e-04   2.96846884e-03   2.45260599e-02   1.15956301e-05
   1.41256406e-02   9.00315101e-02   1.04697349e-03   1.65182250e-02
   3.25003195e-03   5.91339570e-03   6.09529114e-04   4.12190373e-04
   3.81856297e-03   5.22720302e-03   3.00893764e-05   2.38618290e-04
   7.69792729e-09   0.00000000e+00   0.00000000e+00   2.00532818e-04
   1.12327956e-06   0.00000000e+00   6.59631460e-06]