Statsmodels_OLS 20170804-154736

Input file name min:

Features used:
	1 - Rolling_Mean
	2 - Rolling_Median
	3 - Rolling_Std

 + olsregr.summary():
                            OLS Regression Results                            
==============================================================================
Dep. Variable:              TimeTaken   R-squared:                       0.557
Model:                            OLS   Adj. R-squared:                  0.557
Method:                 Least Squares   F-statistic:                     8174.
Date:                Fri, 04 Aug 2017   Prob (F-statistic):               0.00
Time:                        15:47:36   Log-Likelihood:            -2.7743e+05
No. Observations:               19489   AIC:                         5.549e+05
Df Residuals:                   19486   BIC:                         5.549e+05
Df Model:                           3                                         
Covariance Type:            nonrobust                                         
==================================================================================
                     coef    std err          t      P>|t|      [0.025      0.975]
----------------------------------------------------------------------------------
Rolling_Mean       1.1166      0.044     25.479      0.000       1.031       1.203
Rolling_Median    -0.1190      0.034     -3.536      0.000      -0.185      -0.053
Rolling_Std       -0.0391      0.024     -1.616      0.106      -0.086       0.008
==============================================================================
Omnibus:                     5344.764   Durbin-Watson:                   1.978
Prob(Omnibus):                  0.000   Jarque-Bera (JB):            15585.404
Skew:                           1.436   Prob(JB):                         0.00
Kurtosis:                       6.309   Cond. No.                         14.1
==============================================================================

Warnings:
[1] Standard Errors assume that the covariance matrix of the errors is correctly specified.


train R2: 0.24681931418
test R2: 0.256686116101
train RMSE: 368101.276144
test RMSE: 361953.897745
y_train Predicted values: 10212    393538.276132
20233     80936.042520
7601     190290.202662
24292    247745.433584
11571    263738.332966
15173    220673.766421
22171    337239.395251
9374      95962.310987
8396     479414.685242
5808     190212.109701
8188     479108.143694
8900     794275.604388
11097    270448.847558
17145    180131.137955
24457    437997.460401
13461    532481.768874
23095    254912.406184
19006    139966.426572
21612    294748.175113
21333    184511.050364
10788    267906.236118
8744     307593.513403
17133    265276.557823
891      674075.335469
2197     169544.608447
21936    339105.296814
24091    204440.698893
10309    261796.279563
4255     409557.323917
25737    157867.574442
             ...      
17914    344370.246544
12198    352944.806139
14629    409971.250402
21580    130251.508610
22267    196535.786155
3824     371798.052291
5682     593414.090489
3503     279196.479066
2558     102972.401801
16630    506150.720423
18815    571107.591899
9161     337555.066632
7644     575168.117658
14192    188669.245797
13686    240595.613085
7962      83632.909649
8060     303282.738338
7916     493360.812478
1182     429495.034420
8222     397165.039139
23706    433940.410913
9449     205658.847217
8471     280832.776702
23217    327738.649655
22521    375333.929568
17048    481800.274664
23924    250396.745026
23605    243628.000844
1318     254925.937443
25299    318959.273087
Length: 19489, dtype: float64

y_test Predicted values: 8594     3.162098e+05
13584    3.324599e+05
2085     2.434313e+05
60       1.639569e+06
9022     4.961393e+05
19131    1.513108e+05
18287    5.065113e+05
17980    1.701294e+05
8153     5.060469e+05
6759     4.955749e+05
16631    5.921222e+05
4275     1.052656e+05
11705    2.291044e+05
10904    1.954004e+05
2754     2.018389e+05
18289    4.596570e+05
20103    8.936111e+04
13700    2.699372e+05
19582    1.943872e+05
18426    2.870007e+05
21807    1.517933e+05
14130    1.325593e+05
19667    2.725845e+05
6849     1.600882e+05
4787     5.023006e+05
14713    2.184824e+05
24974    1.890584e+05
243      1.301393e+06
13       1.539142e+06
711      4.110033e+05
             ...     
13760    2.376779e+05
17925    1.929089e+05
17181    2.025621e+05
9142     2.816569e+05
5850     2.156918e+05
11711    2.218508e+05
18119    1.720503e+05
25611    8.209068e+04
12730    1.011843e+05
7029     2.580056e+05
25866    1.006057e+05
1557     5.423175e+05
17947    1.310615e+05
10480    3.834927e+05
3141     4.784758e+05
19561    1.500248e+05
13607    3.414776e+05
22555    1.897266e+05
25213    4.067056e+05
2266     2.015123e+05
11934    6.786382e+05
23492    1.698145e+05
12991    2.609607e+05
3121     2.867874e+05
18       1.622931e+06
18275    2.771217e+05
16883    2.789570e+05
19759    1.454630e+05
4183     2.924955e+05
1391     3.073138e+05
Length: 6497, dtype: float64