Statsmodels_OLS 20170819-150551

Input file name: COC

Features used:
	1 - Concurrent_open_cases

 olsregr.summary():
                            OLS Regression Results                            
==============================================================================
Dep. Variable:              TimeTaken   R-squared:                       0.056
Model:                            OLS   Adj. R-squared:                  0.056
Method:                 Least Squares   F-statistic:                     1255.
Date:                Sat, 19 Aug 2017   Prob (F-statistic):          4.22e-267
Time:                        15:05:52   Log-Likelihood:            -1.3736e+05
No. Observations:               21159   AIC:                         2.747e+05
Df Residuals:                   21158   BIC:                         2.747e+05
Df Model:                           1                                         
Covariance Type:            nonrobust                                         
=========================================================================================
                            coef    std err          t      P>|t|      [0.025      0.975]
-----------------------------------------------------------------------------------------
Concurrent_open_cases     0.0713      0.002     35.426      0.000       0.067       0.075
==============================================================================
Omnibus:                     8614.710   Durbin-Watson:                   1.641
Prob(Omnibus):                  0.000   Jarque-Bera (JB):            34975.126
Skew:                           2.034   Prob(JB):                         0.00
Kurtosis:                       7.808   Cond. No.                         1.00
==============================================================================

Warnings:
[1] Standard Errors assume that the covariance matrix of the errors is correctly specified.


train R2: -0.497654755162
test R2: -0.516207686961
train RMSE: 159.646933294
test RMSE: 157.603067988
y_train Predicted values: 24150    12.544569
2428     40.769850
10666    33.285874
27144    28.225281
3297     18.317922
1556     56.379286
7921     29.935904
13725    21.667892
2151     78.474834
20676    20.883857
25160    41.910266
11050    50.677209
12318    49.180414
13359    29.436972
19722    71.774894
26836    32.074183
20446    16.963679
15793    38.346468
3752     15.609436
9397      0.855312
20240    33.000770
8985     56.022906
12534    71.632342
2559     34.711393
25369    38.346468
23776    44.262372
6094     29.294420
9437     32.858218
2305      0.712760
17028    23.663619
           ...    
5682     48.824034
3503      2.779763
2558     34.212462
16630    35.566705
18815    19.957269
9161     66.357921
27984     2.352107
27973     0.000000
7644      3.706350
14192    64.789849
26744    27.868901
27066    26.657210
13686    21.382789
7962     52.031452
8060     57.163321
7916     65.645161
1182     55.025043
8222     56.236734
23706    18.317922
9449     33.713530
8471     52.958040
23217    11.546706
22521    60.798396
17048    20.313649
23924    50.962313
27852     2.779763
23605    18.959406
1318      1.496795
25299    50.320829
27439    21.168961
Length: 21159, dtype: float64

y_test Predicted values: 18539     0.641484
733       4.419110
2553     14.112640
23990    21.667892
21400    59.372876
7312     32.216735
7437      9.764807
8664     32.573115
6386      7.412700
26580    71.988722
10654    24.091275
3863     31.005043
27421    14.469020
5284     24.447655
24831    38.417743
26849    35.637981
14307     4.347834
23819    21.952996
289       4.062730
2909     40.342194
14585    51.104865
13938    10.335014
25412    20.384925
558      62.936674
5601     80.185457
20577    27.298693
3710     69.779167
3434     37.063500
13451    13.613709
5646     51.176141
           ...    
6261      8.695667
26938    24.518931
27768     5.773353
3760     33.214598
21728    39.771987
5733     13.471157
9355     20.670029
17528    35.709257
20457    15.253056
10227    11.475430
8207     62.152639
12596    82.109908
2644     29.793352
5660     81.539700
18431    40.342194
24403    27.298693
26096    38.631571
11827    52.031452
21827    39.843263
2606     36.849672
7844     42.623025
22263    46.115547
17769    64.718573
16596    46.757031
1292      1.496795
15572    26.158278
5724     22.594480
795      41.767714
5057     70.278098
15054    53.385695
Length: 7053, dtype: float64